  0.94541210770863060     
   1.0267587857322051     
   1.0014931906863369     
   1.0469237226119588     
   1.0477778545027259     
   1.0054372069853930     
   1.0490983411526176     
   1.0518868169668230     
   1.0632396005277212     
  0.92692214657648908     
  0.96639360012335718     
  0.93964502788108151     
   1.0268568594592404     
   1.0176781983699723     
   1.0321733137296349     
   1.0250537803460680     
  0.98171733474341960     
   1.0054212502845739     
   1.0745704115554786     
  0.99237389471275494     
   1.0000307274320461     
  0.92627470119685096     
  0.99862044816689211     
  0.93183545514469790     
   1.0254001392062906     
   1.0152409100214346     
  0.99144763402202740     
   1.0610466884812098     
   1.0064631976674199     
   1.0405585496374337     
  0.95541053418307376     
   1.0631868376284028     
   1.0641190115429753     
  0.96563204301139427     
  0.95541472094420699     
  0.97305696352970839     
  0.96511961599840801     
  0.96299945028864686     
   1.0158332977459401     
  0.93137237568447739     
  0.93316260275413565     
   1.0500183383257551     
   1.0705692919975771     
   1.0446205487115574     
   1.0374448337293574     
   1.0397278094758819     
  0.93353001535110347     
   1.0003441930460331     
  0.94343113224877473     
   1.0178328966094268     
