   9.6591972539920759E-002
  0.10424657213833283     
   9.6896698929162139E-002
  0.10117505087555051     
  0.10153049215758486     
   9.4416800199868534E-002
  0.10039123129339655     
   9.6710070202954967E-002
  0.10540146099998318     
   9.9242493254634578E-002
  0.10730430665654225     
  0.10626216208940049     
  0.10745935428868712     
   9.8743896327650779E-002
  0.10117042672570283     
  0.10070836558301997     
   9.8346968908712210E-002
  0.10629556153279884     
  0.10607481560676935     
   9.4496495742864381E-002
   9.7384023270714007E-002
  0.10682700990825618     
   9.7422235603487201E-002
  0.10681591837893922     
  0.10009556438050432     
  0.10528837803463656     
   9.5680030739907079E-002
  0.10194843817213545     
   9.8542325194848276E-002
   9.4817595902506491E-002
   9.8858746407944190E-002
   9.4049024869012801E-002
   9.5975903959400644E-002
   9.4550102015410586E-002
   9.6735232015708120E-002
  0.10091287959539189     
  0.10384599115214005     
  0.10580664736055830     
   9.9601463499932763E-002
   9.7097042322551230E-002
  0.10179924773779099     
   9.6658101489056777E-002
  0.10733199311280149     
   9.5999239809254788E-002
  0.10082991431348856     
   9.6627501000948315E-002
  0.10276048517864378     
   9.9398121822587671E-002
  0.10580596915973711     
   9.5804378705062365E-002
