   9.2857125451054470E-002
  0.10169113499714540     
  0.10249036920142091     
   9.4825292586011273E-002
   9.9614194299203124E-002
   9.7100168737882311E-002
   9.4948187995113453E-002
  0.10109517213905408     
  0.10494004054211546     
   9.2763080248771501E-002
   9.7861926645344613E-002
   9.9494257150464518E-002
  0.10213684672584407     
   9.3320864546178522E-002
  0.10584287018551229     
   9.7317967677209335E-002
   9.2530020795616008E-002
  0.10293493443231234     
  0.10285887626552581     
  0.10439250595144983     
  0.10644849744197676     
   9.8490676921146506E-002
   9.7802752685968081E-002
  0.10528721058905383     
   9.4024223939143725E-002
  0.10214953230474144     
   9.7548710770192462E-002
  0.10249698681953752     
   9.5184542779923831E-002
  0.10688679081528354     
   9.6370872639093219E-002
  0.10485937387868732     
   9.7266702058387722E-002
   9.8722810334544289E-002
   9.2649103576862499E-002
   9.4786216728515657E-002
   9.2996791394976241E-002
   9.7256342506792187E-002
  0.10028470897017293     
   9.3187499328516332E-002
   9.5018015473434650E-002
   9.7921688497509859E-002
  0.10594940256003600     
   9.9386533253338336E-002
   9.6008905541747680E-002
   9.3822303665107909E-002
   9.6412353809719187E-002
   9.6267798400743065E-002
  0.10481465801948314     
  0.10199067352554395     
