   1.0488713865685608     
  0.99460276722363494     
   1.0006969595227480     
  0.96094687583502336     
   1.0050120659792268     
   1.0335297720896166     
  0.93128983222888639     
  0.93349106268664439     
  0.95945707793394608     
  0.96853912779875817     
   1.0536919451063191     
   1.0674041172747732     
   1.0636442229817233     
   1.0260336634305374     
  0.93481407592184984     
   1.0545702851936170     
  0.97962136060607929     
  0.94630339916500705     
   1.0702891902038960     
   1.0688188983209588     
   1.0597222045012191     
   1.0222652429248669     
  0.94982872419345776     
   1.0250187349760873     
   1.0691616030202089     
   1.0259837689585247     
  0.98027530203129898     
   1.0656831257114541     
   1.0231759746712850     
  0.95909184260643587     
  0.97998673926415092     
  0.92910978773241193     
  0.99556900212339239     
   1.0636164705668634     
  0.99202917668012303     
  0.96798636783124359     
  0.96929391016682598     
   1.0120667821676905     
  0.99539050716905286     
  0.93582497743013959     
  0.95855928742847241     
  0.93472065317374042     
   1.0356998595824283     
   1.0504115531478793     
  0.98805201183600033     
  0.98747893112926022     
   1.0058978312461835     
  0.95204143597400137     
   1.0270788678117968     
  0.94652288093224957     
